epoch:0 0.0000  0.0000  0.0000  -1.0000  -1.0000  0.0000  0.0000  0.0000  0.0000  -1.0000  -1.0000  0.0000  1.5079  0.005000
epoch:1 0.0000  0.0000  0.0000  -1.0000  -1.0000  0.0000  0.0000  0.0000  0.0000  -1.0000  -1.0000  0.0000  2.0890  0.005000
epoch:2 0.0000  0.0000  0.0000  -1.0000  -1.0000  0.0000  0.0000  0.0000  0.0000  -1.0000  -1.0000  0.0000  0.7472  0.005000
epoch:3 0.0000  0.0000  0.0000  -1.0000  -1.0000  0.0000  0.0000  0.0000  0.0000  -1.0000  -1.0000  0.0000  0.2330  0.005000
epoch:4 0.0229  0.1052  0.0029  -1.0000  -1.0000  0.0229  0.0462  0.1923  0.2376  -1.0000  -1.0000  0.2376  0.2129  0.005000
epoch:5 0.0690  0.2172  0.0156  -1.0000  -1.0000  0.0691  0.0872  0.2949  0.3333  -1.0000  -1.0000  0.3333  0.1694  0.005000
epoch:6 0.0882  0.2958  0.0177  -1.0000  -1.0000  0.0882  0.0915  0.3462  0.3889  -1.0000  -1.0000  0.3889  0.1554  0.005000
epoch:7 0.1363  0.4303  0.0432  -1.0000  -1.0000  0.1363  0.1795  0.3538  0.3581  -1.0000  -1.0000  0.3581  0.1400  0.005000
epoch:8 0.1018  0.3299  0.0188  -1.0000  -1.0000  0.1018  0.1154  0.3906  0.4179  -1.0000  -1.0000  0.4179  0.1573  0.005000
epoch:9 0.0972  0.2645  0.0316  -1.0000  -1.0000  0.0972  0.1009  0.3932  0.4282  -1.0000  -1.0000  0.4282  0.1503  0.005000
epoch:10 0.1131  0.4137  0.0145  -1.0000  -1.0000  0.1131  0.1359  0.3632  0.3846  -1.0000  -1.0000  0.3846  0.1453  0.005000
epoch:11 0.1748  0.4461  0.0594  -1.0000  -1.0000  0.1748  0.1872  0.4812  0.4821  -1.0000  -1.0000  0.4821  0.1402  0.005000
epoch:12 0.1830  0.4674  0.0981  -1.0000  -1.0000  0.1830  0.1838  0.4162  0.4393  -1.0000  -1.0000  0.4393  0.1316  0.005000
epoch:13 0.1841  0.4484  0.0677  -1.0000  -1.0000  0.1841  0.2231  0.5034  0.5111  -1.0000  -1.0000  0.5111  0.1253  0.001650
epoch:14 0.2672  0.6385  0.1268  -1.0000  -1.0000  0.2672  0.2573  0.5188  0.5197  -1.0000  -1.0000  0.5197  0.1170  0.001650
epoch:15 0.3168  0.6557  0.2639  -1.0000  -1.0000  0.3168  0.3376  0.5607  0.5607  -1.0000  -1.0000  0.5607  0.1147  0.001650
epoch:16 0.3754  0.6954  0.3302  -1.0000  -1.0000  0.3754  0.3846  0.6000  0.6000  -1.0000  -1.0000  0.6000  0.1079  0.000545
epoch:17 0.3532  0.7202  0.2665  -1.0000  -1.0000  0.3532  0.3350  0.5769  0.5769  -1.0000  -1.0000  0.5769  0.1079  0.000545
epoch:18 0.3943  0.7560  0.3376  -1.0000  -1.0000  0.3943  0.3427  0.5957  0.5983  -1.0000  -1.0000  0.5983  0.1118  0.000545
epoch:19 0.3824  0.7333  0.3474  -1.0000  -1.0000  0.3824  0.3573  0.5923  0.5966  -1.0000  -1.0000  0.5966  0.1062  0.000180
epoch:20 0.3892  0.7205  0.3613  -1.0000  -1.0000  0.3892  0.3581  0.6009  0.6060  -1.0000  -1.0000  0.6060  0.1042  0.000180
epoch:21 0.4083  0.7316  0.4133  -1.0000  -1.0000  0.4083  0.3786  0.6094  0.6120  -1.0000  -1.0000  0.6120  0.1030  0.000180
epoch:22 0.4051  0.7367  0.4053  -1.0000  -1.0000  0.4051  0.3744  0.6017  0.6034  -1.0000  -1.0000  0.6034  0.1098  0.000059
epoch:23 0.3957  0.7480  0.3513  -1.0000  -1.0000  0.3957  0.3684  0.6060  0.6068  -1.0000  -1.0000  0.6068  0.1063  0.000059
epoch:24 0.4035  0.7401  0.3765  -1.0000  -1.0000  0.4035  0.3752  0.6154  0.6154  -1.0000  -1.0000  0.6154  0.1050  0.000059
epoch:25 0.4016  0.7461  0.3732  -1.0000  -1.0000  0.4016  0.3556  0.5880  0.5906  -1.0000  -1.0000  0.5906  0.1047  0.000020
epoch:26 0.4040  0.7424  0.3652  -1.0000  -1.0000  0.4040  0.3641  0.6068  0.6068  -1.0000  -1.0000  0.6068  0.1088  0.000020
epoch:27 0.4259  0.7631  0.4359  -1.0000  -1.0000  0.4259  0.3744  0.6120  0.6128  -1.0000  -1.0000  0.6128  0.1028  0.000020
epoch:28 0.4184  0.7509  0.4067  -1.0000  -1.0000  0.4184  0.3803  0.6154  0.6188  -1.0000  -1.0000  0.6188  0.1026  0.000006
epoch:29 0.4098  0.7542  0.3815  -1.0000  -1.0000  0.4098  0.3829  0.6103  0.6128  -1.0000  -1.0000  0.6128  0.1056  0.000006
epoch:30 0.4195  0.7453  0.3873  -1.0000  -1.0000  0.4195  0.3897  0.6205  0.6205  -1.0000  -1.0000  0.6205  0.1056  0.000006
epoch:31 0.4115  0.7579  0.4186  -1.0000  -1.0000  0.4115  0.3744  0.6043  0.6103  -1.0000  -1.0000  0.6103  0.1079  0.000002
epoch:32 0.4197  0.7580  0.4170  -1.0000  -1.0000  0.4197  0.3726  0.6094  0.6137  -1.0000  -1.0000  0.6137  0.1090  0.000002
epoch:33 0.4279  0.7448  0.4256  -1.0000  -1.0000  0.4279  0.3684  0.6043  0.6085  -1.0000  -1.0000  0.6085  0.1074  0.000002
epoch:34 0.4150  0.7550  0.3970  -1.0000  -1.0000  0.4150  0.3752  0.6017  0.6017  -1.0000  -1.0000  0.6017  0.1059  0.000001
epoch:35 0.4045  0.7455  0.3951  -1.0000  -1.0000  0.4045  0.3906  0.6009  0.6009  -1.0000  -1.0000  0.6009  0.1052  0.000001
epoch:36 0.4099  0.7293  0.4205  -1.0000  -1.0000  0.4099  0.3667  0.6137  0.6137  -1.0000  -1.0000  0.6137  0.1077  0.000001
epoch:37 0.4086  0.7330  0.3797  -1.0000  -1.0000  0.4086  0.3812  0.6051  0.6068  -1.0000  -1.0000  0.6068  0.1043  0.000000
epoch:38 0.4046  0.7467  0.3729  -1.0000  -1.0000  0.4046  0.3829  0.6051  0.6051  -1.0000  -1.0000  0.6051  0.1078  0.000000
epoch:39 0.4220  0.7559  0.4138  -1.0000  -1.0000  0.4220  0.3786  0.6205  0.6205  -1.0000  -1.0000  0.6205  0.1057  0.000000
epoch:40 0.4036  0.7477  0.3798  -1.0000  -1.0000  0.4036  0.3718  0.5949  0.5966  -1.0000  -1.0000  0.5966  0.1087  0.000000
epoch:41 0.4136  0.7486  0.4298  -1.0000  -1.0000  0.4136  0.3863  0.6043  0.6043  -1.0000  -1.0000  0.6043  0.1029  0.000000
epoch:42 0.4198  0.7473  0.4491  -1.0000  -1.0000  0.4198  0.3769  0.6120  0.6120  -1.0000  -1.0000  0.6120  0.1061  0.000000
epoch:43 0.4167  0.7533  0.4084  -1.0000  -1.0000  0.4167  0.3752  0.5957  0.5974  -1.0000  -1.0000  0.5974  0.1063  0.000000
epoch:44 0.4241  0.7624  0.4184  -1.0000  -1.0000  0.4241  0.3744  0.6222  0.6265  -1.0000  -1.0000  0.6265  0.1101  0.000000
epoch:45 0.4095  0.7358  0.3958  -1.0000  -1.0000  0.4095  0.3829  0.6043  0.6068  -1.0000  -1.0000  0.6068  0.1060  0.000000
epoch:46 0.4206  0.7437  0.4082  -1.0000  -1.0000  0.4206  0.3752  0.6137  0.6179  -1.0000  -1.0000  0.6179  0.1047  0.000000
epoch:47 0.4129  0.7583  0.4187  -1.0000  -1.0000  0.4129  0.3752  0.6120  0.6162  -1.0000  -1.0000  0.6162  0.1086  0.000000
epoch:48 0.4161  0.7432  0.3836  -1.0000  -1.0000  0.4161  0.3726  0.6120  0.6137  -1.0000  -1.0000  0.6137  0.1067  0.000000
epoch:49 0.4123  0.7443  0.4190  -1.0000  -1.0000  0.4123  0.3650  0.5957  0.5957  -1.0000  -1.0000  0.5957  0.1044  0.000000
epoch:50 0.4195  0.7523  0.4226  -1.0000  -1.0000  0.4195  0.3778  0.6145  0.6162  -1.0000  -1.0000  0.6162  0.1081  0.000000
epoch:51 0.4036  0.7520  0.3970  -1.0000  -1.0000  0.4036  0.3641  0.6017  0.6017  -1.0000  -1.0000  0.6017  0.1068  0.000000
epoch:52 0.4212  0.7451  0.4407  -1.0000  -1.0000  0.4212  0.3786  0.6222  0.6222  -1.0000  -1.0000  0.6222  0.1064  0.000000
epoch:53 0.4112  0.7418  0.4215  -1.0000  -1.0000  0.4112  0.3957  0.6256  0.6325  -1.0000  -1.0000  0.6325  0.1075  0.000000
epoch:54 0.3969  0.7337  0.3865  -1.0000  -1.0000  0.3969  0.3889  0.6051  0.6068  -1.0000  -1.0000  0.6068  0.1079  0.000000
epoch:55 0.3994  0.7365  0.4045  -1.0000  -1.0000  0.3994  0.3795  0.6068  0.6094  -1.0000  -1.0000  0.6094  0.1018  0.000000
epoch:56 0.4066  0.7567  0.3793  -1.0000  -1.0000  0.4066  0.3658  0.5983  0.6017  -1.0000  -1.0000  0.6017  0.1084  0.000000
epoch:57 0.4454  0.7534  0.4536  -1.0000  -1.0000  0.4454  0.3940  0.6368  0.6368  -1.0000  -1.0000  0.6368  0.1047  0.000000
epoch:58 0.4201  0.7565  0.4218  -1.0000  -1.0000  0.4201  0.3744  0.6051  0.6060  -1.0000  -1.0000  0.6060  0.1061  0.000000
epoch:59 0.4124  0.7415  0.4235  -1.0000  -1.0000  0.4124  0.3812  0.6068  0.6103  -1.0000  -1.0000  0.6103  0.1096  0.000000
epoch:60 0.4305  0.7609  0.4325  -1.0000  -1.0000  0.4305  0.3795  0.6179  0.6179  -1.0000  -1.0000  0.6179  0.1037  0.000000
epoch:61 0.4242  0.7540  0.4152  -1.0000  -1.0000  0.4242  0.3761  0.6154  0.6162  -1.0000  -1.0000  0.6162  0.1051  0.000000
epoch:62 0.4190  0.7402  0.4246  -1.0000  -1.0000  0.4190  0.3838  0.6256  0.6256  -1.0000  -1.0000  0.6256  0.1048  0.000000
epoch:63 0.4345  0.7527  0.4519  -1.0000  -1.0000  0.4345  0.4000  0.6316  0.6316  -1.0000  -1.0000  0.6316  0.1072  0.000000
epoch:64 0.4058  0.7340  0.3521  -1.0000  -1.0000  0.4058  0.3744  0.6162  0.6179  -1.0000  -1.0000  0.6179  0.1036  0.000000
epoch:65 0.4068  0.7517  0.3849  -1.0000  -1.0000  0.4068  0.3812  0.6068  0.6085  -1.0000  -1.0000  0.6085  0.1055  0.000000
epoch:66 0.4010  0.7326  0.3635  -1.0000  -1.0000  0.4010  0.3632  0.6034  0.6034  -1.0000  -1.0000  0.6034  0.1091  0.000000
epoch:67 0.4232  0.7560  0.4206  -1.0000  -1.0000  0.4232  0.3735  0.6154  0.6171  -1.0000  -1.0000  0.6171  0.1064  0.000000
epoch:68 0.4024  0.7520  0.3750  -1.0000  -1.0000  0.4024  0.3684  0.6009  0.6017  -1.0000  -1.0000  0.6017  0.1114  0.000000
epoch:69 0.4176  0.7489  0.4063  -1.0000  -1.0000  0.4176  0.3632  0.6060  0.6060  -1.0000  -1.0000  0.6060  0.1085  0.000000
epoch:70 0.4164  0.7523  0.4276  -1.0000  -1.0000  0.4164  0.3846  0.6154  0.6154  -1.0000  -1.0000  0.6154  0.1072  0.000000
epoch:71 0.4265  0.7657  0.3938  -1.0000  -1.0000  0.4265  0.3803  0.6256  0.6256  -1.0000  -1.0000  0.6256  0.1044  0.000000
epoch:72 0.3922  0.7481  0.3326  -1.0000  -1.0000  0.3922  0.3641  0.6060  0.6085  -1.0000  -1.0000  0.6085  0.1068  0.000000
epoch:73 0.4021  0.7408  0.3718  -1.0000  -1.0000  0.4021  0.3709  0.6051  0.6077  -1.0000  -1.0000  0.6077  0.1020  0.000000
epoch:74 0.4082  0.7505  0.3523  -1.0000  -1.0000  0.4082  0.3692  0.5940  0.5991  -1.0000  -1.0000  0.5991  0.1090  0.000000
epoch:75 0.4138  0.7509  0.3759  -1.0000  -1.0000  0.4138  0.3598  0.6043  0.6154  -1.0000  -1.0000  0.6154  0.1101  0.000000
epoch:76 0.4160  0.7532  0.3970  -1.0000  -1.0000  0.4160  0.3829  0.6154  0.6197  -1.0000  -1.0000  0.6197  0.1074  0.000000
epoch:77 0.4208  0.7536  0.4286  -1.0000  -1.0000  0.4208  0.3709  0.6214  0.6214  -1.0000  -1.0000  0.6214  0.1013  0.000000
epoch:78 0.4222  0.7419  0.4084  -1.0000  -1.0000  0.4222  0.3983  0.6274  0.6274  -1.0000  -1.0000  0.6274  0.1068  0.000000
epoch:79 0.4201  0.7637  0.3999  -1.0000  -1.0000  0.4201  0.3821  0.6094  0.6094  -1.0000  -1.0000  0.6094  0.1079  0.000000
epoch:80 0.3943  0.7423  0.3563  -1.0000  -1.0000  0.3943  0.3650  0.5855  0.5880  -1.0000  -1.0000  0.5880  0.1024  0.000000
epoch:81 0.4046  0.7557  0.3822  -1.0000  -1.0000  0.4046  0.3752  0.6068  0.6068  -1.0000  -1.0000  0.6068  0.1057  0.000000
epoch:82 0.4177  0.7439  0.3881  -1.0000  -1.0000  0.4177  0.3769  0.6128  0.6128  -1.0000  -1.0000  0.6128  0.1088  0.000000
epoch:83 0.4137  0.7530  0.4342  -1.0000  -1.0000  0.4137  0.3821  0.6197  0.6197  -1.0000  -1.0000  0.6197  0.1068  0.000000
